11 12 10 11 11 12 21 30 42 31 32 30 30 30 31 40 50 12 50 31 32 30 30 30 31 40 50 51 10 62 62 00 00 00 00
11 12 10 11 11 00 00 00 00 31 32 30 30 30 00 40 00 00 00 31 32 30 30 30 00 40 50 00 00 00 62 62 00 62 00
00 00 10 11 11 00 00 00 00 31 00 30 30 00 00 40 00 00 00 31 00 30 30 00 00 40 50 00 00 00 00 62 62 62 00
00 00 00 11 00 00 00 00 00 00 00 30 30 00 00 00 00 00 00 00 00 30 30 00 00 00 00 00 00 00 00 00 00 62 00

0   1  2  3  4  5  6  7  8  9 10 11 12 13 14 15 16 17 18 19 20 21 22 23 24 25 26 27 28 29 30 31 32 33 34 35 36 37 38 39 40 


11 12 10 11 11 12 21 30 42 31 32 30 30 30 31 40 50 12 50 31 32 30 30 30 31 40 50 51 10 62 62 00 00 00 00
11 12 10 11 11 00 00 00 00 31 32 30 30 30 00 40 00 00 00 31 32 30 30 30 00 40 50 00 00 00 62 62 00 62 00
00 00 10 11 11 00 00 00 00 31 00 30 30 00 00 40 00 00 00 31 00 30 30 00 00 40 50 00 00 00 00 62 62 62 00
00 00 00 11 00 00 00 00 00 00 00 30 30 00 00 00 00 00 00 00 00 30 30 00 00 00 00 00 00 00 00 00 00 62 00


11 12 10 11 12 10 22 31 50 52 41 42 40 41 42 40 51 61 10 20 12 00 00 00 00
11 12 10 11 12 10 22 31 50 52 41 42 40 41 42 40 51 61 10 20 12 12 00 12 00
00 12 00 11 00 10 00 31 00 00 41 00 40 00 42 00 51 00 10 00 00 12 12 12 00
00 00 00 00 00 00 00 00 00 00 41 00 40 00 42 00 51 00 10 00 00 00 00 12 00
00 00 00 00 00 00 00 00 00 00 41 00 40 00 42 00 51 00 10 00 00 00 00 00 00



// red -> yellow -> green -> cyan -> blue -> magenta
//  11		  21       31      41      51         61

// black / white
//     0       1

0   1  2  3  4  5  6  7  8  9 10 11 12 13 14 15 16 17 18 19 20 21 22 23 24
--------------------------------------------------------------------------
11 12 10 11 12 10 22 31 50 52 41 42 40 41 42 40 51 61 10 20 12 00 00 00 00 | 0
11 12 10 11 12 10 22 31 50 52 41 42 40 41 42 40 51 61 10 20 12 12 00 12 00 | 1
11 12 00 11 00 10 00 31 00 00 41 00 40 00 42 00 51 00 10 00 00 12 12 12 00 | 2
11 11 00 00 00 00 00 00 00 00 41 00 40 00 42 00 51 00 10 00 00 00 00 12 00 | 3
00 11 00 00 00 00 00 00 00 00 41 00 40 00 42 00 51 00 10 00 00 00 00 00 00 | 4



// red -> yellow -> green -> cyan -> blue -> magenta
//  11		  21       31      41      51         61


// black / white
//     0       1
