11 11 50 30 01 51 52 60 01 11 51 52 22 01 01 01 11 42 01 31 31 32 
01 01 01 01 01 01 01 01 01 01 01 01 01 00 00 00 01 01 01 31 01 12 
01 01 01 01 01 11 01 01 01 01 01 01 00 51 51 01 00 11 01 31 12 12 
11 11 11 11 11 11 11 11 11 11 12 61 61 62 51 51 00 51 01 31 12 12 
11 11 11 11 11 11 11 11 11 61 61 61 21 21 00 00 01 31 01 31 12 12 
01 01 11 11 11 11 11 11 11 61 21 21 21 21 21 21 21 01 11 31 12 12 
42 01 11 11 11 11 11 11 11 61 21 00 21 21 21 00 21 11 11 31 00 10 
11 01 11 11 11 11 11 11 11 61 21 21 21 21 21 21 21 11 01 31 01 22 
01 01 11 11 11 11 11 11 11 61 21 21 21 00 21 21 21 12 01 31 01 20 
50 01 11 11 11 11 11 11 01 61 21 21 21 00 21 21 21 10 01 00 01 31 
31 01 11 11 11 11 11 11 01 21 21 21 21 21 21 21 21 10 00 11 00 20 
20 01 11 11 11 11 11 11 01 21 21 00 21 21 21 00 21 11 00 11 01 12 
42 01 11 11 11 11 11 11 01 01 21 21 00 00 00 21 21 22 00 11 00 00 
41 00 11 11 11 11 11 11 01 01 01 21 21 21 21 21 01 60 40 00 01 01 
40 40 01 01 01 01 01 20 01 01 01 00 11 01 01 01 00 40 40 01 01 01 
40 40 60 22 21 21 20 20 11 51 10 12 11 01 20 42 41 40 40 01 01 01 